A,R,N,D,C,E,Q,G,H,I,L,K,M,F,P,S,T,W,Y,V,Class
0.069444444,0.052777778,0.052777778,0.066666667,0.019444444,0.058333333,0.033333333,0.047222222,0.036111111,0.077777778,0.119444444,0.063888889,0.025,0.036111111,0.055555556,0.044444444,0.038888889,0.008333333,0.052777778,0.041666667,1
0.222222222,0.068376068,0.008547009,0.05982906,0.017094017,0.085470085,0.051282051,0.068376068,0,0.034188034,0.094017094,0.042735043,0.008547009,0.034188034,0.05982906,0.034188034,0.051282051,0,0.008547009,0.051282051,1
0.102449889,0.065701559,0.0155902,0.028953229,0.018930958,0.062360802,0.037861915,0.072383073,0.017817372,0.05233853,0.110244989,0.035634744,0.025612472,0.05233853,0.06013363,0.073496659,0.059020045,0.0155902,0.018930958,0.074610245,1
0.068601583,0.060686016,0.034300792,0.058047493,0.015831135,0.068601583,0.044854881,0.063324538,0.029023747,0.068601583,0.113456464,0.055408971,0.026385224,0.034300792,0.058047493,0.047493404,0.050131926,0.007915567,0.047493404,0.047493404,1
0.107734807,0.033149171,0.041436464,0.05801105,0.019337017,0.080110497,0.044198895,0.052486188,0.027624309,0.069060773,0.074585635,0.093922652,0.022099448,0.05801105,0.038674033,0.044198895,0.052486188,0.005524862,0.024861878,0.052486188,1
0.049180328,0.038251366,0.030054645,0.081967213,0.021857923,0.073770492,0.038251366,0.081967213,0.013661202,0.06557377,0.109289617,0.073770492,0.027322404,0.024590164,0.032786885,0.054644809,0.046448087,0.013661202,0.051912568,0.071038251,1
0.094027954,0.062261753,0.031766201,0.036848793,0.033036849,0.047013977,0.033036849,0.07750953,0.01905972,0.041931385,0.10292249,0.036848793,0.01905972,0.047013977,0.082592122,0.066073698,0.054637865,0.024142313,0.022871665,0.067344346,1
0.078402367,0.073964497,0.014792899,0.036982249,0.013313609,0.041420118,0.038461538,0.082840237,0.023668639,0.054733728,0.096153846,0.053254438,0.014792899,0.045857988,0.071005917,0.079881657,0.053254438,0.017751479,0.028106509,0.081360947,1
0.098143236,0.098143236,0.026525199,0.042440318,0.037135279,0.018567639,0.00795756,0.055702918,0.015915119,0.023872679,0.137931034,0.023872679,0.015915119,0.050397878,0.053050398,0.071618037,0.063660477,0.015915119,0.053050398,0.090185676,1
0.060743427,0.043517679,0.06980961,0.06980961,0.018132366,0.058023572,0.041704442,0.05893019,0.009972801,0.061650045,0.09156845,0.059836809,0.015412511,0.044424297,0.047144152,0.065276519,0.054397099,0.015412511,0.044424297,0.06980961,1
0.091190108,0.081916538,0.029366306,0.041731066,0.027820711,0.054095827,0.034003091,0.071097372,0.018547141,0.041731066,0.098918083,0.029366306,0.015455951,0.060278207,0.057187017,0.094281298,0.057187017,0.007727975,0.026275116,0.061823802,1
0.06870229,0.064122137,0.042748092,0.035114504,0.024427481,0.059541985,0.024427481,0.048854962,0.021374046,0.059541985,0.090076336,0.041221374,0.029007634,0.053435115,0.059541985,0.094656489,0.079389313,0.007633588,0.036641221,0.059541985,1
0.084126984,0.071428571,0.03015873,0.038095238,0.025396825,0.06031746,0.038095238,0.052380952,0.025396825,0.06031746,0.071428571,0.033333333,0.023809524,0.057142857,0.052380952,0.093650794,0.066666667,0.007936508,0.036507937,0.071428571,1
0.067885117,0.052219321,0.035248042,0.050913838,0.016971279,0.054830287,0.053524804,0.07310705,0.026109661,0.05613577,0.088772846,0.053524804,0.023498695,0.04308094,0.066579634,0.101827676,0.050913838,0.010443864,0.022193211,0.052219321,1
0.065335753,0.047186933,0.025408348,0.049001815,0.023593466,0.063520871,0.058076225,0.063520871,0.019963702,0.02722323,0.12522686,0.025408348,0.007259528,0.045372051,0.105263158,0.08892922,0.056261343,0.030852995,0.01814882,0.054446461,1
0.130337079,0.029213483,0.015730337,0.013483146,0.029213483,0.029213483,0.026966292,0.098876404,0.020224719,0.011235955,0.182022472,0.011235955,0.013483146,0.042696629,0.094382022,0.076404494,0.033707865,0.015730337,0.015730337,0.11011236,1
0.096590909,0.0625,0.028409091,0.022727273,0.028409091,0.039772727,0.028409091,0.0625,0.011363636,0.073863636,0.159090909,0.039772727,0.022727273,0.039772727,0.034090909,0.0625,0.017045455,0.022727273,0.056818182,0.090909091,1
0.068610635,0.054888508,0.058319039,0.046312178,0.017152659,0.075471698,0.048027444,0.066895369,0.025728988,0.034305317,0.10806175,0.089193825,0.036020583,0.027444254,0.044596913,0.060034305,0.046312178,0.012006861,0.036020583,0.044596913,1
0.104950495,0.033663366,0.028712871,0.043564356,0.021782178,0.067326733,0.040594059,0.097029703,0.022772277,0.057425743,0.101980198,0.068316832,0.016831683,0.036633663,0.042574257,0.06039604,0.05049505,0.007920792,0.013861386,0.083168317,1
0.0625,0.070974576,0.029661017,0.065677966,0.008474576,0.058262712,0.041313559,0.079449153,0.031779661,0.036016949,0.106991525,0.028601695,0.022245763,0.043432203,0.06779661,0.06779661,0.046610169,0.025423729,0.038135593,0.068855932,1
0.04400607,0.051593323,0.034901366,0.040971168,0.018209408,0.08801214,0.048558422,0.054628225,0.02276176,0.051593323,0.086494689,0.080424886,0.030349014,0.036418816,0.056145675,0.081942337,0.039453718,0.016691958,0.056145675,0.060698027,1
0.076233184,0.031390135,0.02690583,0.031390135,0.040358744,0.040358744,0.044843049,0.058295964,0.00896861,0.049327354,0.112107623,0.040358744,0.035874439,0.058295964,0.071748879,0.067264574,0.076233184,0.00896861,0.044843049,0.076233184,1
0.062445794,0.05810928,0.032090199,0.04509974,0.023417173,0.065915004,0.053772767,0.058976583,0.034692108,0.03555941,0.101474415,0.05810928,0.025151778,0.044232437,0.063313096,0.06764961,0.051170859,0.018213356,0.032090199,0.068516912,1
0.05484299,0.045112782,0.045555064,0.05086245,0.017249005,0.056612119,0.038920831,0.06501548,0.017691287,0.056612119,0.113224237,0.057054401,0.027421495,0.052189297,0.046439628,0.079610792,0.053073861,0.017691287,0.03051747,0.074303406,1
0.079365079,0.037219485,0.015873016,0.067870826,0.004378763,0.120415982,0.039408867,0.055829228,0.020251779,0.040503558,0.064586754,0.086480569,0.018062397,0.024630542,0.077175698,0.10180624,0.072796935,0.002736727,0.01423098,0.056376574,1
0.061203946,0.051540165,0.038655124,0.056774713,0.018119589,0.082544796,0.040064425,0.061405275,0.029192672,0.04751359,0.111737467,0.06382122,0.031809946,0.045701631,0.038051138,0.071069056,0.044694987,0.01147574,0.033219247,0.061405275,1
0.105034722,0.019965278,0.026909722,0.053819444,0.0078125,0.084201389,0.03125,0.055555556,0.008680556,0.036458333,0.068576389,0.098090278,0.026041667,0.010416667,0.106770833,0.098958333,0.087673611,0.002604167,0.005208333,0.065972222,1
0.134715026,0.062176166,0.012953368,0.028497409,0.046632124,0.020725389,0.038860104,0.085492228,0.012953368,0.020725389,0.14507772,0.012953368,0.025906736,0.054404145,0.067357513,0.085492228,0.038860104,0.012953368,0.023316062,0.069948187,1
0.079696395,0.055028463,0.062618596,0.068311195,0.007590133,0.04743833,0.049335863,0.064516129,0.041745731,0.045540797,0.056925996,0.056925996,0.018975332,0.060721063,0.070208729,0.04743833,0.045540797,0.011385199,0.039848197,0.070208729,1
0.083657588,0.040856031,0.017509728,0.062256809,0.013618677,0.048638132,0.044747082,0.101167315,0.021400778,0.070038911,0.087548638,0.064202335,0.035019455,0.031128405,0.03307393,0.070038911,0.060311284,0,0.03307393,0.081712062,1
0.091439689,0.042801556,0.027237354,0.071984436,0.015564202,0.048638132,0.042801556,0.091439689,0.021400778,0.071984436,0.085603113,0.071984436,0.027237354,0.035019455,0.031128405,0.064202335,0.052529183,0,0.03307393,0.073929961,1
0.092715232,0.040470935,0.04267844,0.038263429,0.030905077,0.038999264,0.039735099,0.06401766,0.015452539,0.046357616,0.140544518,0.027225901,0.022075055,0.055187638,0.052980132,0.08535688,0.052980132,0.012509198,0.033848418,0.067696836,1
0.067270375,0.062095731,0.031047865,0.04915912,0.015523933,0.055627426,0.037516171,0.063389392,0.029754204,0.050452781,0.09702458,0.056921087,0.034928849,0.046571798,0.043984476,0.07373868,0.056921087,0.023285899,0.042690815,0.062095731,1
0.077669903,0.082524272,0.067961165,0.09223301,0.019417476,0.116504854,0.063106796,0.067961165,0.004854369,0.053398058,0.077669903,0.058252427,0.063106796,0.009708738,0.009708738,0.048543689,0.033980583,0.004854369,0.004854369,0.04368932,1
0.075413223,0.036157025,0.036157025,0.071280992,0.011363636,0.066115702,0.042355372,0.092975207,0.030991736,0.03822314,0.113636364,0.059917355,0.022727273,0.033057851,0.051652893,0.061983471,0.063016529,0.004132231,0.026859504,0.061983471,1
0.067579909,0.051141553,0.048401826,0.060273973,0.02739726,0.081278539,0.042009132,0.060273973,0.01369863,0.065753425,0.089497717,0.070319635,0.03196347,0.040182648,0.048401826,0.077625571,0.040182648,0.006392694,0.026484018,0.051141553,1
0.038709677,0.038709677,0.051612903,0.04516129,0.019354839,0.077419355,0.038709677,0.090322581,0.032258065,0.038709677,0.116129032,0.077419355,0.012903226,0.038709677,0.051612903,0.064516129,0.077419355,0.006451613,0.051612903,0.032258065,1
0.058177827,0.060373216,0.043907794,0.051591658,0.021953897,0.085620198,0.039517014,0.048298573,0.021953897,0.048298573,0.098792536,0.059275521,0.020856202,0.042810099,0.064763996,0.096597146,0.062568606,0.009879254,0.020856202,0.043907794,1
0.079333986,0.046033301,0.040156709,0.041136141,0.019588639,0.045053869,0.029382958,0.07639569,0.021547502,0.08129285,0.098922625,0.044074437,0.024485798,0.052889324,0.05093046,0.071498531,0.05582762,0.019588639,0.033300686,0.068560235,1
0.079155673,0.039577836,0.017150396,0.056728232,0.005277045,0.077836412,0.04353562,0.10817942,0.026385224,0.026385224,0.056728232,0.084432718,0.011873351,0.011873351,0.122691293,0.104221636,0.065963061,0,0.007915567,0.05408971,1
0.102040816,0.068027211,0.06122449,0.081632653,0.006802721,0.176870748,0.034013605,0.020408163,0,0.034013605,0.06122449,0.108843537,0.027210884,0.027210884,0.027210884,0.068027211,0.034013605,0,0.013605442,0.047619048,1
0.076023392,0.061178587,0.034188034,0.051731894,0.026540711,0.055330634,0.028789924,0.078722447,0.029239766,0.049932524,0.114260009,0.031488979,0.028340081,0.048133153,0.067926226,0.082321188,0.04048583,0.013045434,0.023391813,0.058929375,1
0.066074951,0.032544379,0.035502959,0.061143984,0.013806706,0.073964497,0.033530572,0.070019724,0.018737673,0.047337278,0.088757396,0.124260355,0.024654832,0.029585799,0.043392505,0.08382643,0.041420118,0.012820513,0.031558185,0.067061144,1
0.048327138,0.022304833,0.044609665,0.074349442,0.018587361,0.078066914,0.066914498,0.048327138,0.014869888,0.033457249,0.089219331,0.074349442,0.044609665,0.074349442,0.055762082,0.078066914,0.033457249,0.007434944,0.029739777,0.063197026,1
0.094138544,0.053285968,0.030195382,0.023090586,0.023090586,0.03374778,0.058614565,0.08348135,0.017761989,0.044404973,0.140319716,0.023090586,0.035523979,0.046181172,0.053285968,0.063943162,0.056838366,0.017761989,0.031971581,0.069271758,1
0.070610687,0.049618321,0.047709924,0.066793893,0.018129771,0.049618321,0.050572519,0.080152672,0.014312977,0.054389313,0.096374046,0.048664122,0.020038168,0.048664122,0.053435115,0.069656489,0.046755725,0.009541985,0.035305344,0.069656489,1
0.115732369,0.048824593,0.021699819,0.027124774,0.021699819,0.025316456,0.04159132,0.084990958,0.014466546,0.032549729,0.168173599,0.012658228,0.036166365,0.048824593,0.056057866,0.066907776,0.065099458,0.028933092,0.014466546,0.068716094,1
0.092727273,0.049090909,0.018181818,0.029090909,0.023636364,0.030909091,0.050909091,0.072727273,0.009090909,0.052727273,0.147272727,0.027272727,0.032727273,0.054545455,0.052727273,0.083636364,0.065454545,0.023636364,0.012727273,0.070909091,1
0.067717996,0.043599258,0.043599258,0.037105751,0.032467532,0.069573284,0.044526902,0.060296846,0.020408163,0.071428571,0.090909091,0.043599258,0.008348794,0.070500928,0.045454545,0.092764378,0.055658627,0.016697588,0.025974026,0.059369202,1
0.069114471,0.058315335,0.028077754,0.028077754,0.036717063,0.049676026,0.036717063,0.05399568,0.019438445,0.049676026,0.138228942,0.032397408,0.021598272,0.05399568,0.043196544,0.086393089,0.047516199,0.036717063,0.045356371,0.064794816,1
0.082474227,0.048969072,0.051546392,0.054123711,0.036082474,0.043814433,0.028350515,0.067010309,0.010309278,0.067010309,0.079896907,0.059278351,0.023195876,0.048969072,0.036082474,0.051546392,0.06443299,0.015463918,0.046391753,0.085051546,1
0.061085973,0.042986425,0.033936652,0.061085973,0.036199095,0.074660633,0.06561086,0.038461538,0.024886878,0.063348416,0.097285068,0.063348416,0.027149321,0.031674208,0.056561086,0.06561086,0.056561086,0.020361991,0.029411765,0.049773756,1
0.070909091,0.043636364,0.034545455,0.041818182,0.032727273,0.049090909,0.036363636,0.069090909,0.032727273,0.070909091,0.092727273,0.041818182,0.023636364,0.056363636,0.034545455,0.072727273,0.052727273,0.032727273,0.036363636,0.074545455,1
0.067146283,0.100719424,0.03117506,0.06235012,0.016786571,0.069544365,0.023980815,0.083932854,0.026378897,0.045563549,0.110311751,0.040767386,0.021582734,0.033573141,0.055155875,0.052757794,0.055155875,0.014388489,0.026378897,0.06235012,1
0.095744681,0.122340426,0.002659574,0.042553191,0.018617021,0.061170213,0.055851064,0.087765957,0.007978723,0.013297872,0.117021277,0.013297872,0.002659574,0.034574468,0.10106383,0.079787234,0.058510638,0.018617021,0.013297872,0.053191489,1
0.03880597,0.03880597,0.050746269,0.03880597,0.026865672,0.068656716,0.029850746,0.062686567,0.020895522,0.059701493,0.107462687,0.056716418,0.020895522,0.026865672,0.062686567,0.08358209,0.07761194,0.017910448,0.035820896,0.074626866,1
0.077405858,0.052301255,0.035564854,0.081589958,0.031380753,0.087866109,0.025104603,0.087866109,0.023012552,0.052301255,0.060669456,0.092050209,0.018828452,0.023012552,0.048117155,0.046025105,0.058577406,0.008368201,0.031380753,0.058577406,1
0.112970711,0.071129707,0.025104603,0.050209205,0.008368201,0.041841004,0.025104603,0.092050209,0.037656904,0.029288703,0.092050209,0.016736402,0.029288703,0.050209205,0.079497908,0.062761506,0.050209205,0.025104603,0.033472803,0.066945607,1
0.067524116,0.07073955,0.040192926,0.056270096,0.041800643,0.081993569,0.041800643,0.078778135,0.020900322,0.035369775,0.081993569,0.046623794,0.014469453,0.033762058,0.053054662,0.061093248,0.057877814,0.022508039,0.033762058,0.059485531,1
0.064655172,0.0625,0.040948276,0.0625,0.017241379,0.047413793,0.032327586,0.036637931,0.019396552,0.058189655,0.099137931,0.058189655,0.040948276,0.07112069,0.049568966,0.068965517,0.056034483,0.017241379,0.038793103,0.058189655,1
0.069120287,0.067324955,0.034111311,0.052064632,0.030520646,0.066427289,0.031418312,0.067324955,0.021543986,0.02962298,0.106822262,0.041292639,0.017953321,0.043087971,0.062836625,0.082585278,0.051166966,0.015260323,0.033213645,0.076301616,1
0.053846154,0.046153846,0.046153846,0.061538462,0.019230769,0.057692308,0.030769231,0.069230769,0.046153846,0.038461538,0.084615385,0.069230769,0.015384615,0.046153846,0.080769231,0.073076923,0.046153846,0.030769231,0.030769231,0.053846154,1
0.080314961,0.02992126,0.02992126,0.034645669,0.034645669,0.033070866,0.020472441,0.094488189,0.011023622,0.053543307,0.11496063,0.031496063,0.02992126,0.066141732,0.051968504,0.053543307,0.047244094,0.037795276,0.050393701,0.094488189,1
0.05904059,0.038745387,0.048585486,0.072570726,0.010455105,0.077490775,0.033825338,0.064575646,0.01599016,0.049815498,0.075645756,0.11500615,0.020910209,0.044280443,0.044895449,0.070725707,0.054120541,0.011685117,0.028290283,0.063345633,1
0.053738318,0.042056075,0.049065421,0.077102804,0.028037383,0.063084112,0.039719626,0.074766355,0.044392523,0.051401869,0.081775701,0.035046729,0.018691589,0.058411215,0.049065421,0.051401869,0.042056075,0.004672897,0.067757009,0.067757009,1
0.11026616,0.068441065,0.02661597,0.053231939,0.011406844,0.049429658,0.022813688,0.121673004,0.015209125,0.041825095,0.095057034,0.030418251,0.030418251,0.022813688,0.034220532,0.079847909,0.038022814,0.015209125,0.064638783,0.068441065,1
0.076142132,0.045685279,0.030456853,0.058375635,0.027918782,0.032994924,0.032994924,0.068527919,0.020304569,0.078680203,0.106598985,0.050761421,0.043147208,0.058375635,0.038071066,0.045685279,0.045685279,0.025380711,0.045685279,0.068527919,1
0.083333333,0.072463768,0.036231884,0.047101449,0.02173913,0.054347826,0.032608696,0.112318841,0.025362319,0.028985507,0.083333333,0.028985507,0.050724638,0.02173913,0.039855072,0.097826087,0.036231884,0.010869565,0.061594203,0.054347826,1
0.032719836,0.024539877,0.044989775,0.049079755,0.024539877,0.09202454,0.028629857,0.047034765,0.024539877,0.073619632,0.075664622,0.059304703,0.016359918,0.028629857,0.065439673,0.118609407,0.053169734,0.010224949,0.036809816,0.09406953,1
0.06618705,0.041726619,0.061870504,0.041726619,0.033093525,0.043165468,0.031654676,0.037410072,0.034532374,0.089208633,0.126618705,0.038848921,0.023021583,0.051798561,0.038848921,0.084892086,0.051798561,0.008633094,0.033093525,0.061870504,1
0.101532567,0.045977011,0.03256705,0.040229885,0.019157088,0.057471264,0.021072797,0.088122605,0.030651341,0.055555556,0.082375479,0.0651341,0.03256705,0.030651341,0.053639847,0.0651341,0.061302682,0.007662835,0.024904215,0.084291188,1
0.082139446,0.068767908,0.037249284,0.051575931,0.014326648,0.062082139,0.036294174,0.079274117,0.025787966,0.046800382,0.121298949,0.037249284,0.021967526,0.043935053,0.052531041,0.05730659,0.048710602,0.014326648,0.034383954,0.063992359,1
0.083499006,0.081510934,0.035785288,0.027833002,0.011928429,0.061630219,0.055666004,0.047713718,0.031809145,0.029821074,0.147117296,0.029821074,0.031809145,0.051689861,0.06361829,0.059642147,0.03777336,0.017892644,0.02584493,0.067594433,1
0.082191781,0.062622309,0.039138943,0.052837573,0.011741683,0.068493151,0.04109589,0.076320939,0.015655577,0.074363992,0.084148728,0.04109589,0.031311155,0.039138943,0.060665362,0.056751468,0.054794521,0.001956947,0.035225049,0.070450098,1
0.071848465,0.045068583,0.035924233,0.044415415,0.016329197,0.054866101,0.039190072,0.056825604,0.016329197,0.065969954,0.118223383,0.051600261,0.025473547,0.049640758,0.037883736,0.083605487,0.050293926,0.019595036,0.032005225,0.084911822,1
0.091439689,0.027237354,0.03307393,0.035019455,0.019455253,0.035019455,0.029182879,0.077821012,0.013618677,0.095330739,0.114785992,0.031128405,0.050583658,0.052529183,0.054474708,0.081712062,0.048638132,0.009727626,0.03307393,0.06614786,1
0.06029106,0.03950104,0.045738046,0.029106029,0.016632017,0.043659044,0.037422037,0.03950104,0.012474012,0.089397089,0.118503119,0.058212058,0.035343035,0.054054054,0.045738046,0.081081081,0.076923077,0.016632017,0.029106029,0.070686071,1
0.054828974,0.045774648,0.049295775,0.050301811,0.01861167,0.065895372,0.02665996,0.050804829,0.012072435,0.074949698,0.101609658,0.067404427,0.035211268,0.064889336,0.039235412,0.084004024,0.046780684,0.014084507,0.032193159,0.065392354,1
0.095375723,0.054913295,0.037572254,0.075144509,0.011560694,0.075144509,0.037572254,0.057803468,0.014450867,0.060693642,0.098265896,0.092485549,0.026011561,0.031791908,0.023121387,0.054913295,0.063583815,0.002890173,0.031791908,0.054913295,1
0.067460317,0.051587302,0.038194444,0.046626984,0.020833333,0.066964286,0.035218254,0.058035714,0.013392857,0.060515873,0.112599206,0.041170635,0.03422619,0.061507937,0.052579365,0.078373016,0.058531746,0.016369048,0.026785714,0.059027778,1
0.104384134,0.056367432,0.054279749,0.016701461,0.022964509,0.033402923,0.03131524,0.037578288,0.010438413,0.058455115,0.089770355,0.052192067,0.027139875,0.043841336,0.073068894,0.068893528,0.081419624,0.018789144,0.03131524,0.087682672,1
0.062297735,0.046925566,0.053398058,0.055016181,0.028317152,0.046116505,0.031553398,0.063915858,0.023462783,0.061488673,0.102750809,0.050161812,0.028317152,0.051779935,0.03802589,0.104368932,0.047734628,0.013754045,0.028317152,0.062297735,1
0.06097561,0.027439024,0.054878049,0.021341463,0.024390244,0.018292683,0.045731707,0.033536585,0.024390244,0.057926829,0.149390244,0.057926829,0.039634146,0.085365854,0.045731707,0.082317073,0.06097561,0.027439024,0.030487805,0.051829268,1
0.114754098,0.075819672,0.008196721,0.067622951,0.008196721,0.043032787,0.043032787,0.077868852,0.034836066,0.022540984,0.098360656,0.024590164,0.010245902,0.06147541,0.106557377,0.040983607,0.047131148,0.032786885,0.028688525,0.053278689,1
0.046692607,0.027237354,0.077821012,0.031128405,0.019455253,0.070038911,0.042801556,0.046692607,0.019455253,0.042801556,0.105058366,0.06614786,0.011673152,0.058365759,0.062256809,0.062256809,0.054474708,0.031128405,0.042801556,0.081712062,1
0.06981982,0.036036036,0.038288288,0.038288288,0.011261261,0.038288288,0.045045045,0.04954955,0.067567568,0.045045045,0.119369369,0.056306306,0.027027027,0.083333333,0.054054054,0.051801802,0.038288288,0.036036036,0.036036036,0.058558559,1
0.055028463,0.04743833,0.041745731,0.041745731,0.022770398,0.072106262,0.037950664,0.051233397,0.020872865,0.055028463,0.096774194,0.05313093,0.015180266,0.074003795,0.074003795,0.074003795,0.064516129,0.0056926,0.032258065,0.064516129,1
0.058551618,0.046224961,0.049306626,0.036979969,0.033898305,0.064714946,0.05238829,0.047765794,0.024653313,0.058551618,0.092449923,0.057010786,0.024653313,0.047765794,0.053929122,0.07550077,0.057010786,0.023112481,0.038520801,0.057010786,1
0.111486486,0.047297297,0.040540541,0.055743243,0.015202703,0.0625,0.033783784,0.064189189,0.021959459,0.050675676,0.096283784,0.0625,0.016891892,0.032094595,0.04222973,0.065878378,0.054054054,0.008445946,0.030405405,0.087837838,1
0.042826552,0.053533191,0.040685225,0.053533191,0.025695931,0.047109208,0.027837259,0.029978587,0.012847966,0.070663812,0.111349036,0.049250535,0.029978587,0.049250535,0.04496788,0.085653105,0.087794433,0.027837259,0.053533191,0.055674518,1
0.060037523,0.046904315,0.045028143,0.045028143,0.016885553,0.084427767,0.065666041,0.065666041,0.033771107,0.04315197,0.090056285,0.071294559,0.018761726,0.03564728,0.065666041,0.060037523,0.052532833,0.011257036,0.026266417,0.061913696,1
0.08356546,0.061281337,0.052924791,0.030640669,0.036211699,0.025069638,0.030640669,0.044568245,0.013927577,0.072423398,0.13091922,0.036211699,0.016713092,0.04178273,0.030640669,0.075208914,0.072423398,0.019498607,0.036211699,0.08913649,1
0.078291815,0.069395018,0.013345196,0.052491103,0.028469751,0.058718861,0.047153025,0.070284698,0.032918149,0.032918149,0.134341637,0.037366548,0.017793594,0.040925267,0.068505338,0.079181495,0.033807829,0.013345196,0.026690391,0.06405694,1
0.112426036,0.047337278,0.017751479,0.01183432,0.01183432,0.023668639,0.023668639,0.118343195,0.023668639,0.00591716,0.136094675,0.017751479,0.023668639,0.041420118,0.082840237,0.041420118,0.053254438,0.076923077,0.053254438,0.076923077,1
0.067669173,0.056390977,0.041353383,0.028195489,0.026315789,0.063909774,0.058270677,0.067669173,0.009398496,0.022556391,0.116541353,0.043233083,0.009398496,0.018796992,0.093984962,0.062030075,0.092105263,0.009398496,0.022556391,0.090225564,1
0.058823529,0.038987688,0.039671683,0.071135431,0.02120383,0.080711354,0.046511628,0.052667579,0.017099863,0.056087551,0.091655267,0.09370725,0.023255814,0.039671683,0.050615595,0.060875513,0.04377565,0.008891929,0.035567715,0.069083447,1
0.144607843,0.075980392,0.029411765,0.017156863,0.039215686,0.026960784,0.014705882,0.06372549,0.009803922,0.014705882,0.147058824,0.00245098,0.017156863,0.036764706,0.105392157,0.066176471,0.053921569,0.029411765,0.017156863,0.088235294,1
0.057,0.041,0.0525,0.05,0.0185,0.065,0.0285,0.057,0.009,0.0685,0.101,0.062,0.0385,0.0695,0.0375,0.08,0.051,0.014,0.029,0.0705,1
0.055860349,0.041895262,0.049376559,0.051371571,0.018952618,0.069825436,0.028428928,0.053366584,0.009476309,0.071820449,0.10074813,0.065835411,0.035411471,0.070822943,0.036907731,0.079301746,0.049875312,0.013965087,0.029925187,0.066832918,1
0.085399449,0.046831956,0.035812672,0.05785124,0.013774105,0.082644628,0.041322314,0.066115702,0.03030303,0.046831956,0.099173554,0.066115702,0.024793388,0.027548209,0.05785124,0.046831956,0.046831956,0.011019284,0.044077135,0.068870523,1
0.053941909,0.045643154,0.045643154,0.06846473,0.020746888,0.099585062,0.031120332,0.076763485,0.029045643,0.047717842,0.064315353,0.082987552,0.033195021,0.041493776,0.043568465,0.056016598,0.041493776,0.004149378,0.058091286,0.056016598,1
0.079884504,0.051973051,0.035611165,0.049085659,0.019249278,0.056785371,0.059672762,0.088546679,0.02213667,0.027911453,0.126082772,0.023099134,0.012512031,0.033686237,0.073147257,0.072184793,0.035611165,0.019249278,0.026948989,0.086621752,1
0.087837838,0.094594595,0.013513514,0.033783784,0.047297297,0.054054054,0.027027027,0.060810811,0.027027027,0.040540541,0.128378378,0.013513514,0.027027027,0.047297297,0.047297297,0.033783784,0.067567568,0.040540541,0.027027027,0.081081081,1
0.075818037,0.080207502,0.041899441,0.047486034,0.011173184,0.063846768,0.043096568,0.077015164,0.027134876,0.045490822,0.083000798,0.043894653,0.033918595,0.049880287,0.068635275,0.065442937,0.047486034,0.012769354,0.030327215,0.051476457,1
0.051450465,0.047619048,0.064586754,0.062397373,0.013683634,0.049261084,0.046524357,0.062944718,0.022988506,0.064039409,0.072796935,0.037766831,0.02244116,0.054187192,0.054734537,0.057471264,0.079912425,0.025725233,0.050355774,0.0591133,1
0.051696284,0.045772752,0.059235326,0.060850835,0.012385568,0.048465267,0.037695207,0.071082391,0.023155627,0.04900377,0.08723748,0.03446419,0.01992461,0.050080775,0.063543349,0.072159397,0.071082391,0.024771136,0.048465267,0.068928379,1
0.061004785,0.038277512,0.032296651,0.028708134,0.032296651,0.056220096,0.061004785,0.071770335,0.033492823,0.040669856,0.136363636,0.022727273,0.017942584,0.020334928,0.101674641,0.083732057,0.065789474,0.033492823,0.020334928,0.041866029,1
0.062636166,0.033769063,0.048474946,0.051198257,0.02124183,0.069172113,0.027777778,0.062636166,0.013616558,0.075708061,0.108932462,0.053376906,0.038671024,0.061002179,0.048474946,0.059912854,0.049019608,0.020697168,0.034858388,0.058823529,1
0.057768924,0.06374502,0.027888446,0.055776892,0.027888446,0.051792829,0.027888446,0.051792829,0.023904382,0.049800797,0.111553785,0.035856574,0.027888446,0.055776892,0.057768924,0.067729084,0.061752988,0.021912351,0.029880478,0.091633466,1
0.054892601,0.081145585,0.040572792,0.066825776,0.021479714,0.064439141,0.033412888,0.076372315,0.021479714,0.054892601,0.097852029,0.059665871,0.023866348,0.035799523,0.052505967,0.045346062,0.057279236,0.011933174,0.031026253,0.069212411,1
0.091428571,0.062857143,0.028571429,0.051428571,0.028571429,0.062857143,0.034285714,0.051428571,0.028571429,0.057142857,0.125714286,0.022857143,0.022857143,0.045714286,0.091428571,0.045714286,0.057142857,0.022857143,0.017142857,0.051428571,1
0.075,0.055,0.04,0.02,0.04,0.03,0.0375,0.055,0.02,0.045,0.1225,0.0325,0.02,0.0425,0.05,0.0825,0.075,0.0125,0.0425,0.1025,1
0.072,0.06,0.044,0.056,0.024,0.058,0.042,0.07,0.032,0.062,0.098,0.06,0.03,0.06,0.052,0.064,0.034,0.01,0.024,0.048,1
0.045454545,0.051948052,0.032467532,0.043290043,0.038961039,0.058441558,0.043290043,0.071428571,0.017316017,0.047619048,0.0995671,0.058441558,0.03030303,0.034632035,0.095238095,0.095238095,0.067099567,0.002164502,0.025974026,0.041125541,1
0.142857143,0.0995671,0.025974026,0.021645022,0.025974026,0.032467532,0.023809524,0.101731602,0.006493506,0.034632035,0.086580087,0.017316017,0.010822511,0.058441558,0.056277056,0.084415584,0.032467532,0.017316017,0.032467532,0.088744589,1
0.072796935,0.026819923,0.0651341,0.053639847,0.003831418,0.049808429,0.034482759,0.061302682,0.042145594,0.038314176,0.076628352,0.068965517,0.011494253,0.042145594,0.0651341,0.114942529,0.053639847,0.022988506,0.030651341,0.0651341,1
0.05738576,0.049946865,0.048884166,0.04250797,0.019128587,0.048884166,0.044633369,0.061636557,0.019128587,0.072263549,0.105207226,0.05738576,0.027630181,0.041445271,0.062699256,0.070138151,0.063761955,0.015940489,0.032943677,0.058448459,1
0.059602649,0.035320088,0.041942605,0.030905077,0.011037528,0.052980132,0.026490066,0.046357616,0.013245033,0.068432671,0.090507726,0.055187638,0.035320088,0.057395143,0.059602649,0.090507726,0.086092715,0.017660044,0.04415011,0.077262693,1
0.07912234,0.047207447,0.026595745,0.045212766,0.020611702,0.09375,0.047207447,0.058510638,0.033244681,0.040558511,0.117021277,0.03856383,0.011968085,0.043218085,0.067154255,0.07912234,0.051861702,0.007978723,0.023271277,0.067819149,1
0.115830116,0.073359073,0.027027027,0.019305019,0.038610039,0.042471042,0.023166023,0.069498069,0.034749035,0.046332046,0.11969112,0.027027027,0.030888031,0.065637066,0.054054054,0.046332046,0.038610039,0.023166023,0.057915058,0.046332046,1
0.047756874,0.059334298,0.052098408,0.05065123,0.034008683,0.076700434,0.027496382,0.066570188,0.026772793,0.047756874,0.098408104,0.048480463,0.02170767,0.042691751,0.059334298,0.075976845,0.049927641,0.01447178,0.036903039,0.062952243,1
0.070116861,0.030050083,0.038397329,0.031719533,0.023372287,0.028380634,0.030050083,0.083472454,0.005008347,0.080133556,0.098497496,0.038397329,0.035058431,0.07345576,0.046744574,0.075125209,0.051752922,0.033388982,0.050083472,0.076794658,1
0.057268722,0.059471366,0.028634361,0.04845815,0.033039648,0.074889868,0.037444934,0.077092511,0.013215859,0.039647577,0.101321586,0.066079295,0.039647577,0.044052863,0.085903084,0.079295154,0.052863436,0.002202643,0.024229075,0.035242291,1
0.105485232,0.061181435,0.035864979,0.044303797,0.006329114,0.080168776,0.063291139,0.065400844,0.016877637,0.046413502,0.124472574,0.046413502,0.018987342,0.035864979,0.044303797,0.067510549,0.035864979,0.006329114,0.025316456,0.069620253,1
0.042307692,0.046153846,0.05,0.042307692,0.023076923,0.107692308,0.05,0.038461538,0.019230769,0.05,0.103846154,0.065384615,0.023076923,0.046153846,0.038461538,0.076923077,0.057692308,0.026923077,0.046153846,0.046153846,1
0.04587156,0.055045872,0.036697248,0.096330275,0.018348624,0.041284404,0.013761468,0.073394495,0.02293578,0.068807339,0.096330275,0.073394495,0.032110092,0.041284404,0.041284404,0.050458716,0.050458716,0,0.050458716,0.091743119,1
0.072607261,0.075907591,0.02310231,0.056105611,0.01320132,0.062706271,0.02640264,0.079207921,0.02970297,0.03630363,0.108910891,0.03630363,0.02640264,0.04290429,0.082508251,0.04950495,0.04950495,0.00990099,0.02970297,0.089108911,1
0.097087379,0.053398058,0.009708738,0.072815534,0.009708738,0.024271845,0.04368932,0.082524272,0.04368932,0.033980583,0.087378641,0.04368932,0.029126214,0.014563107,0.058252427,0.053398058,0.087378641,0.004854369,0.029126214,0.121359223,1
0.144654088,0.037735849,0.012578616,0.031446541,0.031446541,0.012578616,0.025157233,0.081761006,0.062893082,0.025157233,0.169811321,0.031446541,0.018867925,0.018867925,0.044025157,0.075471698,0.031446541,0.031446541,0.031446541,0.081761006,1
0.072173913,0.056521739,0.06,0.060869565,0.01826087,0.060869565,0.051304348,0.06,0.017391304,0.035652174,0.106086957,0.046086957,0.016521739,0.042608696,0.060869565,0.053913043,0.053043478,0.017391304,0.037391304,0.073043478,1
0.088518843,0.056967572,0.035056968,0.053461876,0.023663453,0.068361087,0.036809816,0.062226117,0.02716915,0.043821209,0.105170903,0.041191937,0.019281332,0.028921998,0.067484663,0.099035933,0.052585451,0.013146363,0.021910605,0.055214724,1
0.044854881,0.064643799,0.035620053,0.04353562,0.013192612,0.052770449,0.048812665,0.056728232,0.025065963,0.029023747,0.150395778,0.035620053,0.023746702,0.058047493,0.060686016,0.083113456,0.042216359,0.023746702,0.046174142,0.062005277,1
0.082,0.078,0.022,0.06,0.004,0.06,0.03,0.058,0.034,0.026,0.166,0.038,0.028,0.046,0.056,0.06,0.04,0.02,0.034,0.058,1
0.058139535,0.044573643,0.058139535,0.048449612,0.024224806,0.064922481,0.037790698,0.074612403,0.025193798,0.062015504,0.087209302,0.055232558,0.021317829,0.043604651,0.042635659,0.082364341,0.049418605,0.00872093,0.037790698,0.073643411,1
0.086075949,0.083544304,0.02278481,0.053164557,0,0.055696203,0.043037975,0.113924051,0.02278481,0.035443038,0.126582278,0.050632911,0.015189873,0.030379747,0.048101266,0.050632911,0.048101266,0.005063291,0.020253165,0.088607595,1
0.055327869,0.047131148,0.043032787,0.079918033,0.020491803,0.079918033,0.032786885,0.090163934,0.032786885,0.049180328,0.06147541,0.081967213,0.034836066,0.036885246,0.040983607,0.053278689,0.043032787,0.004098361,0.05942623,0.053278689,1
0.048780488,0.036585366,0.021341463,0.06402439,0.033536585,0.073170732,0.039634146,0.045731707,0.018292683,0.039634146,0.079268293,0.079268293,0.009146341,0.033536585,0.045731707,0.112804878,0.070121951,0.033536585,0.036585366,0.079268293,1
0.168350168,0.037037037,0.02020202,0.04040404,0.02020202,0.053872054,0.033670034,0.090909091,0.023569024,0.02020202,0.124579125,0.04040404,0.013468013,0.037037037,0.060606061,0.050505051,0.04040404,0.013468013,0.01010101,0.101010101,1
0.06405694,0.071174377,0.039145907,0.051601423,0.067615658,0.048042705,0.048042705,0.081850534,0.03024911,0.035587189,0.076512456,0.039145907,0.012455516,0.03202847,0.053380783,0.088967972,0.044483986,0.023131673,0.042704626,0.049822064,1
0.10840708,0.07079646,0.03539823,0.050884956,0.008849558,0.042035398,0.033185841,0.055309735,0.019911504,0.059734513,0.099557522,0.030973451,0.033185841,0.042035398,0.037610619,0.079646018,0.048672566,0.019911504,0.046460177,0.077433628,1
0.043478261,0.02484472,0.031055901,0.142857143,0.01242236,0.142857143,0.031055901,0.074534161,0,0.055900621,0.080745342,0.080745342,0.068322981,0.055900621,0.01242236,0.031055901,0.043478261,0,0.01863354,0.049689441,1
0.051926298,0.042434394,0.048017867,0.042992741,0.028475712,0.059184813,0.039642658,0.04745952,0.015633724,0.084868788,0.106085985,0.067001675,0.030150754,0.073143495,0.041876047,0.071468453,0.045226131,0.017867113,0.022892239,0.063651591,1
0.087719298,0.042105263,0.028070175,0.038596491,0.024561404,0.087719298,0.049122807,0.070175439,0.014035088,0.038596491,0.133333333,0.073684211,0.014035088,0.035087719,0.049122807,0.077192982,0.056140351,0.003508772,0.024561404,0.052631579,1
0.069415229,0.063525452,0.029028187,0.050483803,0.02313841,0.057635675,0.034917964,0.069835928,0.027345393,0.047959613,0.116954144,0.031973075,0.0256626,0.045435423,0.072360118,0.102229701,0.039545646,0.013041649,0.021034918,0.058477072,1
0.067826087,0.069565217,0.033043478,0.04,0.020869565,0.073043478,0.033043478,0.08,0.019130435,0.064347826,0.085217391,0.024347826,0.020869565,0.066086957,0.071304348,0.085217391,0.048695652,0.006956522,0.029565217,0.060869565,1
0.044510386,0.03264095,0.044510386,0.029673591,0.038575668,0.020771513,0.026706231,0.035608309,0.03264095,0.074183976,0.103857567,0.074183976,0.035608309,0.080118694,0.035608309,0.077151335,0.06231454,0.005934718,0.044510386,0.100890208,1
0.06284153,0.054644809,0.030054645,0.040983607,0.030054645,0.046448087,0.019125683,0.030054645,0.027322404,0.101092896,0.112021858,0.06284153,0.021857923,0.043715847,0.027322404,0.095628415,0.06557377,0.019125683,0.035519126,0.073770492,1
0.032653061,0.036734694,0.028571429,0.057142857,0.032653061,0.085714286,0.036734694,0.073469388,0.028571429,0.057142857,0.102040816,0.085714286,0.016326531,0.065306122,0.040816327,0.06122449,0.053061224,0.020408163,0.032653061,0.053061224,1
0.080627899,0.046022119,0.014270425,0.058508741,0.009275776,0.123439172,0.041027471,0.06386015,0.018551552,0.022832679,0.080984659,0.075276489,0.011059579,0.018194791,0.115233678,0.09311452,0.056724938,0.009989297,0.013913664,0.047092401,1
0.041871921,0.04679803,0.02955665,0.049261084,0.017241379,0.04679803,0.032019704,0.098522167,0.014778325,0.0591133,0.091133005,0.04679803,0.032019704,0.054187192,0.044334975,0.091133005,0.086206897,0.017241379,0.041871921,0.0591133,1
0.086614173,0.045275591,0.019685039,0.047244094,0.023622047,0.072834646,0.023622047,0.072834646,0.019685039,0.025590551,0.133858268,0.017716535,0.00984252,0.027559055,0.102362205,0.102362205,0.047244094,0.029527559,0.027559055,0.06496063,1
0.064150943,0.060377358,0.037735849,0.037735849,0.039622642,0.056603774,0.035849057,0.052830189,0.039622642,0.035849057,0.11509434,0.056603774,0.037735849,0.018867925,0.058490566,0.111320755,0.035849057,0.013207547,0.030188679,0.062264151,1
0.061571125,0.027600849,0.059447983,0.042462845,0.031847134,0.038216561,0.038216561,0.038216561,0.012738854,0.072186837,0.121019108,0.057324841,0.031847134,0.053078556,0.029723992,0.112526539,0.057324841,0.014861996,0.029723992,0.070063694,1
0.056603774,0.045822102,0.055256065,0.061994609,0.01212938,0.067385445,0.03638814,0.068733154,0.045822102,0.045822102,0.051212938,0.026954178,0.018867925,0.030997305,0.059299191,0.117250674,0.122641509,0.020215633,0.018867925,0.037735849,1
0.069587629,0.046391753,0.038659794,0.038659794,0.046391753,0.030927835,0.038659794,0.046391753,0.018041237,0.079896907,0.108247423,0.030927835,0.030927835,0.056701031,0.046391753,0.067010309,0.06443299,0.020618557,0.038659794,0.082474227,1
0.143333333,0.05,0.03,0.013333333,0.033333333,0.01,0.013333333,0.113333333,0.016666667,0.016666667,0.183333333,0.02,0.003333333,0.05,0.07,0.066666667,0.04,0.026666667,0.033333333,0.066666667,1
0.085084034,0.068277311,0.022058824,0.038865546,0.013655462,0.06302521,0.051470588,0.080882353,0.036764706,0.023109244,0.12605042,0.032563025,0.017857143,0.023109244,0.105042017,0.091386555,0.040966387,0.010504202,0.010504202,0.058823529,1
0.058282209,0.055214724,0.055214724,0.049079755,0.018404908,0.076687117,0.030674847,0.052147239,0.030674847,0.070552147,0.095092025,0.070552147,0.018404908,0.036809816,0.061349693,0.055214724,0.039877301,0.015337423,0.042944785,0.067484663,1
0.051724138,0.023510972,0.045454545,0.062695925,0.02507837,0.078369906,0.051724138,0.048589342,0.026645768,0.059561129,0.087774295,0.056426332,0.020376176,0.036050157,0.070532915,0.090909091,0.061128527,0.018808777,0.028213166,0.056426332,1
0.054200542,0.037940379,0.048780488,0.037940379,0.027100271,0.021680217,0.021680217,0.054200542,0.008130081,0.094850949,0.100271003,0.051490515,0.035230352,0.056910569,0.037940379,0.086720867,0.073170732,0.021680217,0.037940379,0.092140921,1
0.056277056,0.043290043,0.054112554,0.041125541,0.010822511,0.045454545,0.021645022,0.054112554,0.017316017,0.060606061,0.08008658,0.067099567,0.038961039,0.058441558,0.047619048,0.084415584,0.0995671,0.017316017,0.036796537,0.064935065,1
0.076167076,0.031941032,0.041769042,0.029484029,0.027027027,0.041769042,0.024570025,0.029484029,0.024570025,0.068796069,0.081081081,0.036855037,0.036855037,0.058968059,0.051597052,0.083538084,0.068796069,0.022113022,0.058968059,0.105651106,1
0.065462754,0.065462754,0.051918736,0.036117381,0.027088036,0.033860045,0.020316027,0.027088036,0.031602709,0.076749436,0.099322799,0.051918736,0.033860045,0.042889391,0.060948081,0.074492099,0.065462754,0.015801354,0.038374718,0.081264108,1
0.027355623,0.03343465,0.051671733,0.051671733,0.030395137,0.063829787,0.048632219,0.027355623,0.024316109,0.072948328,0.088145897,0.075987842,0.03343465,0.042553191,0.054711246,0.106382979,0.063829787,0.015197568,0.027355623,0.060790274,1
0.078014184,0.042553191,0.021276596,0.037825059,0.037825059,0.044917258,0.01891253,0.056737589,0.033096927,0.056737589,0.125295508,0.028368794,0.014184397,0.063829787,0.061465721,0.080378251,0.070921986,0.040189125,0.021276596,0.066193853,1
0.08254717,0.068396226,0.025943396,0.037735849,0.028301887,0.025943396,0.030660377,0.063679245,0.016509434,0.04245283,0.153301887,0.021226415,0.025943396,0.037735849,0.066037736,0.080188679,0.080188679,0.033018868,0.021226415,0.058962264,1
0.047619048,0.034749035,0.051480051,0.05019305,0.025740026,0.059202059,0.054054054,0.066924067,0.014157014,0.043758044,0.104247104,0.065637066,0.02960103,0.030888031,0.057915058,0.109395109,0.063063063,0.009009009,0.028314028,0.054054054,1
0.07120743,0.046439628,0.052631579,0.055727554,0.021671827,0.07120743,0.034055728,0.046439628,0.030959752,0.046439628,0.111455108,0.080495356,0.015479876,0.040247678,0.058823529,0.058823529,0.021671827,0.009287926,0.043343653,0.083591331,1
0.06405694,0.051601423,0.052491103,0.047153025,0.033807829,0.065836299,0.040925267,0.069395018,0.026690391,0.058718861,0.09341637,0.054270463,0.020462633,0.032918149,0.056939502,0.059608541,0.054270463,0.016014235,0.032918149,0.068505338,1
